-20;15;4.98 -20;13;7.23 -20;11;6.51 -20;9;4.88 -20;7;9.72 -20;5;4.05 -20;3;8.76 -20;1;3.96 -20;-1;5.35 -20;-3;7.61 -20;-5;9.36 -20;-7;9.14 -20;-9;6.43 -20;-11;4.44 -20;-13;4.47 -20;-15;5.34
-18;15;1.21 -18;13;8.96 -18;11;4.62 -18;9;1.40 -18;7;9.34 -18;5;3.88 -18;3;1.58 -18;1;5.36 -18;-1;9.51 -18;-3;1.72 -18;-5;9.43 -18;-7;6.37 -18;-9;8.21 -18;-11;7.44 -18;-13;3.19 -18;-15;5.51
-16;15;0.00 -16;13;6.37 -16;11;8.02 -16;9;7.24 -16;7;9.63 -16;5;2.52 -16;3;7.56 -16;1;4.26 -16;-1;5.41 -16;-3;8.78 -16;-5;3.01 -16;-7;1.77 -16;-9;6.31 -16;-11;0.75 -16;-13;3.38 -16;-15;4.94
-14;15;0.00 -14;13;0.00 -14;11;8.22 -14;9;9.10 -14;7;7.66 -14;5;1.52 -14;3;2.80 -14;1;5.31 -14;-1;9.61 -14;-3;5.88 -14;-5;5.31 -14;-7;3.58 -14;-9;4.85 -14;-11;4.17 -14;-13;3.88 -14;-15;0.36
-12;15;8.57 -12;13;0.00 -12;11;0.00 -12;9;8.29 -12;7;0.25 -12;5;2.25 -12;3;2.30 -12;1;8.53 -12;-1;4.04 -12;-3;5.95 -12;-5;0.45 -12;-7;4.54 -12;-9;8.27 -12;-11;9.96 -12;-13;6.85 -12;-15;0.73
-10;15;8.39 -10;13;1.50 -10;11;0.00 -10;9;0.00 -10;7;8.65 -10;5;2.59 -10;3;0.55 -10;1;8.81 -10;-1;3.31 -10;-3;3.98 -10;-5;7.40 -10;-7;2.25 -10;-9;7.91 -10;-11;8.43 -10;-13;7.18 -10;-15;7.40
-8;15;3.09 -8;13;7.54 -8;11;7.52 -8;9;0.00 -8;7;0.00 -8;5;0.49 -8;3;8.40 -8;1;5.82 -8;-1;1.93 -8;-3;3.21 -8;-5;0.97 -8;-7;2.04 -8;-9;6.80 -8;-11;7.27 -8;-13;0.47 -8;-15;2.01
-6;15;5.57 -6;13;6.38 -6;11;8.56 -6;9;2.37 -6;7;0.00 -6;5;0.00 -6;3;9.92 -6;1;1.30 -6;-1;4.13 -6;-3;7.34 -6;-5;8.30 -6;-7;7.82 -6;-9;5.51 -6;-11;2.12 -6;-13;7.19 -6;-15;9.36
-4;15;8.27 -4;13;8.44 -4;11;8.87 -4;9;1.98 -4;7;5.19 -4;5;0.00 -4;3;0.00 -4;1;1.60 -4;-1;6.59 -4;-3;1.31 -4;-5;8.31 -4;-7;4.86 -4;-9;9.77 -4;-11;5.13 -4;-13;1.35 -4;-15;9.39
-2;15;9.20 -2;13;4.44 -2;11;3.63 -2;9;4.36 -2;7;4.76 -2;5;3.70 -2;3;0.00 -2;1;0.00 -2;-1;6.42 -2;-3;6.08 -2;-5;1.63 -2;-7;9.11 -2;-9;7.35 -2;-11;4.61 -2;-13;2.61 -2;-15;8.93
0;15;1.94 0;13;9.79 0;11;9.01 0;9;8.98 0;7;5.32 0;5;5.39 0;3;7.17 0;1;0.00 0;-1;0.00 0;-3;2.22 0;-5;2.84 0;-7;6.62 0;-9;7.00 0;-11;0.66 0;-13;8.02 0;-15;6.94
2;15;4.37 2;13;3.81 2;11;2.13 2;9;0.63 2;7;1.28 2;5;6.29 2;3;9.13 2;1;4.42 2;-1;0.00 2;-3;0.00 2;-5;7.46 2;-7;9.93 2;-9;5.69 2;-11;3.97 2;-13;6.41 2;-15;6.77
4;15;7.35 4;13;9.12 4;11;6.96 4;9;1.39 4;7;3.82 4;5;9.49 4;3;2.36 4;1;8.52 4;-1;3.06 4;-3;0.00 4;-5;0.00 4;-7;3.66 4;-9;2.39 4;-11;4.75 4;-13;9.36 4;-15;9.29
6;15;7.08 6;13;5.53 6;11;0.15 6;9;8.82 6;7;0.44 6;5;7.00 6;3;3.82 6;1;0.07 6;-1;0.86 6;-3;5.51 6;-5;0.00 6;-7;0.00 6;-9;1.12 6;-11;6.06 6;-13;5.42 6;-15;9.59
8;15;9.51 8;13;0.19 8;11;7.97 8;9;1.49 8;7;3.68 8;5;8.95 8;3;8.84 8;1;0.22 8;-1;9.74 8;-3;5.29 8;-5;2.76 8;-7;0.00 8;-9;0.00 8;-11;9.24 8;-13;3.66 8;-15;4.21
10;15;6.75 10;13;5.88 10;11;2.12 10;9;1.97 10;7;4.44 10;5;5.74 10;3;6.30 10;1;8.11 10;-1;1.40 10;-3;0.26 10;-5;2.83 10;-7;6.10 10;-9;0.00 10;-11;0.00 10;-13;3.42 10;-15;3.59
12;15;1.64 12;13;0.46 12;11;4.07 12;9;2.20 12;7;3.41 12;5;8.65 12;3;8.62 12;1;5.42 12;-1;1.22 12;-3;4.45 12;-5;0.08 12;-7;1.32 12;-9;0.44 12;-11;0.00 12;-13;0.00 12;-15;9.14
14;15;1.46 14;13;6.53 14;11;4.04 14;9;0.10 14;7;4.13 14;5;1.95 14;3;2.80 14;1;5.48 14;-1;3.14 14;-3;0.29 14;-5;3.59 14;-7;9.00 14;-9;1.20 14;-11;9.06 14;-13;0.00 14;-15;0.00
16;15;5.85 16;13;5.30 16;11;4.84 16;9;8.49 16;7;1.80 16;5;4.94 16;3;9.57 16;1;3.17 16;-1;9.55 16;-3;3.15 16;-5;0.91 16;-7;5.35 16;-9;5.96 16;-11;0.36 16;-13;6.27 16;-15;0.00
18;15;5.70 18;13;8.14 18;11;3.82 18;9;1.17 18;7;8.48 18;5;7.47 18;3;2.65 18;1;9.77 18;-1;9.10 18;-3;7.77 18;-5;6.26 18;-7;5.19 18;-9;0.98 18;-11;2.22 18;-13;2.85 18;-15;0.76
20;15;2.73 20;13;7.76 20;11;3.17 20;9;9.08 20;7;2.03 20;5;9.34 20;3;2.06 20;1;5.45 20;-1;7.01 20;-3;2.02 20;-5;0.59 20;-7;9.71 20;-9;8.70 20;-11;5.12 20;-13;7.54 20;-15;4.98